$Version
[1] "VAST_v14_0_1"

$n_x
[1] 500

$Region
[1] "northwest_atlantic"

$strata.limits
$strata.limits$AllEPU.stratum_number2
  [1] 34301 34201 34401 33901 34001 34101 33601 33701 33801 33301 33401 33001 33101 32701 32801 32901 32401 32501 32601 32201 32301
 [22] 31801 31901 32001 31501 31601 31701 31301 31401 31201 31001 31101 30901 30801 10101 30701 30601 10501 30501 30301 30401 30101
 [43] 30201 34501 10901 35201 34601 34801 35401 34701 35101 35301 39200 35001 35600 35501 35700 35800 12501 35900 36000 36100 12600
 [64] 36200 36300 36500 36400 36600 14000 36800 36900 36700 37000 37100 37200 39080 37300 37400 37500 37700 37800 37600 38100 38000
 [85] 37900 38300 38200 13900 38500 38400 38700 38600 39000 38900 38800 34402 34302 34202 16102 16202 16302 16402 33902 34002 34102
[106] 16502 16602 16702 16802 33702 33802 33602 33302 33402 33502 17202 33102 33202 17002 17102 33002 16902 32702 32802 32902 17502
[127] 17402 32502 32602 32402 17302 32302 32202 10402 10302 31902 32002 10202 31802 10102 31502 31602 31702 10802 10702 10602 11202
[148] 11102 11002 11502 31202 31302 31402 11402 31102 11302 31002 30802 10502 30902 10902 30702 30602 11902 30502 34602 35202 35502
[169] 30302 11802 30402 11702 30202 11602 30102 12502 12302 34502 12002 35402 34802 12400 34702 35302 35102 35002 12200 12102 12800
[190] 12900 12700 13100 13000 13200 13700 13600 13400 13800 13300 13510 13520

$strata.limits$MABGB.stratum_number2
  [1] 34301 34201 34401 33901 34001 34101 33601 33701 33801 33301 33401 33001 33101 32701 32801 32901 32401 32501 32601 32201 32301
 [22] 31801 31901 32001 31501 31601 31701 31301 31401 31201 31001 31101 30901 30801 10101 30701 30601 10501 30501 30301 30401 30101
 [43] 30201 34501 34701 35101 35001 34402 34302 34202 16102 16202 16302 16402 33902 34002 34102 16502 16602 16702 16802 33702 33802
 [64] 33602 33302 33402 33502 17202 33102 33202 17002 17102 33002 16902 32702 32802 32902 17502 17402 32502 32602 32402 17302 32302
 [85] 32202 10402 10302 31902 32002 10202 31802 10102 31502 31602 31702 10802 10702 10602 11202 11102 11002 31202 31302 31402 31102
[106] 31002 30802 10502 30902 30702 30602 30502 30302 30402 30202 30102 34502 34702 35102 35002 10901 35201 34601 34801 35401 35301
[127] 35501 12501 11502 11402 11302 10902 11902 34602 35202 35502 11802 11702 11602 12502 12302 12002 35402 34802 35302 12102

$strata.limits$MABGBstate.stratum_number2
 [1] 34301 34201 34401 33901 34001 34101 33601 33701 33801 33301 33401 33001 33101 32701 32801 32901 32401 32501 32601 32201 32301
[22] 31801 31901 32001 31501 31601 31701 31301 31401 31201 31001 31101 30901 30801 10101 30701 30601 10501 30501 30301 30401 30101
[43] 30201 34501 34701 35101 35001 10901 35201 34601 34801 35401 35301 35501 12501

$strata.limits$MABGBfed.stratum_number2
 [1] 34402 34302 34202 16102 16202 16302 16402 33902 34002 34102 16502 16602 16702 16802 33702 33802 33602 33302 33402 33502 17202
[22] 33102 33202 17002 17102 33002 16902 32702 32802 32902 17502 17402 32502 32602 32402 17302 32302 32202 10402 10302 31902 32002
[43] 10202 31802 10102 31502 31602 31702 10802 10702 10602 11202 11102 11002 31202 31302 31402 31102 31002 30802 10502 30902 30702
[64] 30602 30502 30302 30402 30202 30102 34502 34702 35102 35002 11502 11402 11302 10902 11902 34602 35202 35502 11802 11702 11602
[85] 12502 12302 12002 35402 34802 35302 12102

$strata.limits$MAB.stratum_number2
  [1] 34301 34201 34401 33901 34001 34101 33601 33701 33801 33301 33401 33001 33101 32701 32801 32901 32401 32501 32601 32201 32301
 [22] 31801 31901 32001 31501 31601 31701 31301 31401 31201 31001 31101 30901 30801 10101 30701 30601 10501 30501 30301 30401 30101
 [43] 30201 34501 34701 35101 35001 34402 34302 34202 16102 16202 16302 16402 33902 34002 34102 16502 16602 16702 16802 33702 33802
 [64] 33602 33302 33402 33502 17202 33102 33202 17002 17102 33002 16902 32702 32802 32902 17502 17402 32502 32602 32402 17302 32302
 [85] 32202 10402 10302 31902 32002 10202 31802 10102 31502 31602 31702 10802 10702 10602 11202 11102 11002 31202 31302 31402 31102
[106] 31002 30802 10502 30902 30702 30602 30502 30302 30402 30202 30102 34502 34702 35102 35002

$strata.limits$GB.stratum_number2
 [1] 10901 35201 34601 34801 35401 35301 35501 12501 11502 11402 11302 10902 11902 34602 35202 35502 11802 11702 11602 12502 12302
[22] 12002 35402 34802 35302 12102

$strata.limits$GOM.stratum_number2
 [1] 35600 35700 35800 35900 36000 36100 12600 36200 36300 36500 36400 36600 14000 36800 36900 36700 37000 37100 37200 37300 37400
[22] 37500 37700 37800 37600 38100 38000 37900 38300 38200 13900 12400 12200 12800 12900 12700 13700 13600 13800

$strata.limits$bfall.stratum_number2
 [1] 34401 34101 33801 32901 32601 32301 32001 31701 31401 31101 30801 30501 30201 34501 34601 34402 34102 33802 33502 33202 32902
[22] 32602 32302 32002 31702 31402 31102 30802 30502 34602 30202 34502 10101 10501 10901 12501 16102 16502 16902 17302 10102 10602
[43] 11002 10502 10902 11902 12502 12002

$strata.limits$bfin.stratum_number2
 [1] 34401 34101 33801 32901 32601 32301 32001 31701 31401 31101 30801 30501 30201 34501 34601 34402 34102 33802 33502 33202 32902
[22] 32602 32302 32002 31702 31402 31102 30802 30502 34602 30202 34502

$strata.limits$bfoff.stratum_number2
 [1] 10101 10501 10901 12501 16102 16502 16902 17302 10102 10602 11002 10502 10902 11902 12502 12002

$strata.limits$MABGBalbinshore.stratum_number2
 [1] 34301 34201 33901 34001 33601 33701 33301 33401 33001 33101 32701 32801 32401 32501 32201 31801 31901 31501 31601 31301 31201
[22] 31001 30901 30701 30601 30301 30401 30101 35201 34801 35401 34701 35101 35301 35001 35501 34302 34202 33902 34002 33702 33602
[43] 33302 33402 33102 33002 32702 32802 32502 32402 32202 31902 31802 31502 31602 31202 31302 31002 30902 30702 30602 35202 35502
[64] 30302 30402 30102 35402 34802 34702 35302 35102 35002

$strata.limits$MABGBothoffshore.stratum_number2
 [1] 16202 16302 16402 16602 16702 16802 17202 17002 17102 17502 17402 10402 10302 10202 10802 10702 11202 11102 11502 11402 11302
[22] 11802 11702 11602 12302 12102

$strata.limits$albbfin.stratum_number2
  [1] 34301 34201 33901 34001 33601 33701 33301 33401 33001 33101 32701 32801 32401 32501 32201 31801 31901 31501 31601 31301 31201
 [22] 31001 30901 30701 30601 30301 30401 30101 35201 34801 35401 34701 35101 35301 35001 35501 34302 34202 33902 34002 33702 33602
 [43] 33302 33402 33102 33002 32702 32802 32502 32402 32202 31902 31802 31502 31602 31202 31302 31002 30902 30702 30602 35202 35502
 [64] 30302 30402 30102 35402 34802 34702 35302 35102 35002 34401 34101 33801 32901 32601 32301 32001 31701 31401 31101 30801 30501
 [85] 30201 34501 34601 34402 34102 33802 33502 33202 32902 32602 32302 32002 31702 31402 31102 30802 30502 34602 30202 34502

$strata.limits$albbfall.stratum_number2
  [1] 34301 34201 33901 34001 33601 33701 33301 33401 33001 33101 32701 32801 32401 32501 32201 31801 31901 31501 31601 31301 31201
 [22] 31001 30901 30701 30601 30301 30401 30101 35201 34801 35401 34701 35101 35301 35001 35501 34302 34202 33902 34002 33702 33602
 [43] 33302 33402 33102 33002 32702 32802 32502 32402 32202 31902 31802 31502 31602 31202 31302 31002 30902 30702 30602 35202 35502
 [64] 30302 30402 30102 35402 34802 34702 35302 35102 35002 34401 34101 33801 32901 32601 32301 32001 31701 31401 31101 30801 30501
 [85] 30201 34501 34601 34402 34102 33802 33502 33202 32902 32602 32302 32002 31702 31402 31102 30802 30502 34602 30202 34502 10101
[106] 10501 10901 12501 16102 16502 16902 17302 10102 10602 11002 10502 10902 11902 12502 12002

$strata.limits$allother.stratum_number2
 [1] 75400 75500 75100 75200 75000 87700 86000 85900 85800 76700 76600 85700 76400 76500 85600 85500 85400 76300 76200 76100 76000
[22] 75900 75800 85300 75700 85200 85100 75300 85000 75600 17600


$zone
[1] NA

$FieldConfig
        Component_1 Component_2
Omega   "IID"       "IID"      
Epsilon "IID"       "IID"      
Beta    "IID"       "IID"      

$RhoConfig
   Beta1    Beta2 Epsilon1 Epsilon2 
       0        0        0        0 

$VamConfig
Method   Rank Timing 
     0      0      0 

$OverdispersionConfig
eta1 eta2 
   0    0 

$ObsModel
[1] 2 1

$vars_to_correct
[1] "Index_cyl" "Index_ctl"

$Options
           Calculate_Range   Calculate_effective_area treat_nonencounter_as_zero 
                      TRUE                       TRUE                       TRUE 

$grid_size_km
[1] 25

$max_cells
[1] 5000

$knot_method
[1] "grid"

$Method
[1] "Mesh"

$use_anisotropy
[1] TRUE

$fine_scale
[1] TRUE

$bias.correct
[1] TRUE

