$Version
[1] "VAST_v13_1_0"

$n_x
[1] 500

$Region
[1] "northwest_atlantic"

$strata.limits
$strata.limits$AllEPU.stratum_number
  [1] 3440 3430 3420 1610 1620 1630 1640 3390 3400 3410 1650 1660 1670 1680 3360 3370 3380 3330
 [19] 3340 3350 1720 3310 3320 1700 1710 3300 1690 3270 3280 3290 1750 1740 3240 3250 3260 1730
 [37] 3230 3220 1040 1030 3180 3190 3200 1020 1010 3150 3160 3170 1080 1070 1060 1120 1110 1100
 [55] 1150 3120 3130 3140 1140 3110 1130 3100 3080 1050 3090 1090 3070 3060 1190 3050 3460 3520
 [73] 3550 3030 3040 1180 1170 3020 1160 3010 1250 1230 3450 1200 3540 3480 1240 3470 3510 3530
 [91] 3920 3500 3560 3570 1220 1210 3580 3590 1280 1290 3600 3610 1260 1270 3630 3620 3640 3650
[109] 3660 1310 1300 1320 1370 1400 1360 3680 3670 3690 1340 3700 3710 3720 3908 1380 1330 3730
[127] 3740 3750 3780 3770 1390 3760 3810 3800 3790 3830 3820 3850 3840 1351 3870 3860 1352 3900
[145] 3890 3880

$strata.limits$MABGB.stratum_number
 [1] 3440 3430 3420 1610 1620 1630 1640 3390 3400 3410 1650 1660 1670 1680 3360 3370 3380 3330
[19] 3340 3350 1720 3310 3320 1700 1710 3300 1690 3270 3280 3290 1750 1740 3240 3250 3260 1730
[37] 3230 3220 1040 1030 3180 3190 3200 1020 1010 3150 3160 3170 1080 1070 1060 1120 1110 1100
[55] 1150 3120 3130 3140 1140 3110 1130 3100 3080 1050 3090 1090 3070 3060 1190 3050 3460 3520
[73] 3550 3030 3040 1180 1170 3020 1160 3010 1250 1230 3450 1200 3540 3480 3470 3510 3530 3500
[91] 1210

$strata.limits$MABGBinshore.stratum_number
 [1] 3440 3430 3420 3390 3400 3410 3360 3370 3380 3330 3340 3350 3310 3320 3300 3270 3280 3290
[19] 3240 3250 3260 3230 3220 3180 3190 3200 3150 3160 3170 3120 3130 3140 3110 3100 3080 3090
[37] 3070 3060 3050 3460 3520 3550 3030 3040 3020 3010 3450 3540 3480 3470 3510 3530 3500

$strata.limits$MABGBoffshore.stratum_number
 [1] 1610 1620 1630 1640 1650 1660 1670 1680 1720 1700 1710 1690 1750 1740 1730 1040 1030 1020
[19] 1010 1080 1070 1060 1120 1110 1100 1150 1140 1130 1050 1090 1190 1180 1170 1160 1250 1230
[37] 1200 1210

$strata.limits$bfall.stratum_number
 [1] 3440 1610 3410 1650 3380 3350 3320 1690 3290 3260 1730 3230 3200 1010 3170 1060 1100 3140
[19] 3110 3080 1050 1090 1190 3050 3460 3020 1250 3450 1200

$strata.limits$MABGBalbinshore.stratum_number
 [1] 3430 3420 3390 3400 3360 3370 3330 3340 3310 3300 3270 3280 3240 3250 3220 3180 3190 3150
[19] 3160 3120 3130 3100 3090 3070 3060 3520 3550 3030 3040 3010 3540 3480 3470 3510 3530 3500

$strata.limits$MABGBoffshorebigin.stratum_number
 [1] 3440 1610 1620 1630 1640 3410 1650 1660 1670 1680 3380 3350 1720 3320 1700 1710 1690 3290
[19] 1750 1740 3260 1730 3230 1040 1030 3200 1020 1010 3170 1080 1070 1060 1120 1110 1100 1150
[37] 3140 1140 3110 1130 3080 1050 1090 1190 3050 3460 1180 1170 3020 1160 1250 1230 3450 1200
[55] 1210


$zone
[1] NA

$FieldConfig
        Component_1 Component_2
Omega   "IID"       "IID"      
Epsilon "IID"       "IID"      
Beta    "IID"       "IID"      

$RhoConfig
   Beta1    Beta2 Epsilon1 Epsilon2 
       0        0        0        0 

$VamConfig
Method   Rank Timing 
     0      0      0 

$OverdispersionConfig
eta1 eta2 
   0    0 

$ObsModel
[1] 2 1

$vars_to_correct
[1] "Index_cyl" "Index_ctl"

$Options
           Calculate_Range   Calculate_effective_area treat_nonencounter_as_zero 
                      TRUE                       TRUE                       TRUE 

$grid_size_km
[1] 25

$max_cells
[1] 5000

$knot_method
[1] "grid"

$Method
[1] "Mesh"

$use_anisotropy
[1] TRUE

$fine_scale
[1] TRUE

$bias.correct
[1] FALSE

